300
600
900
1200
1500
1800
2100
2400
2700
3000
3300
3600
3900
4200
4500
4800
5100
5400
5700
6000
6300
6600
6900
7200
7500
7800
8100
8400
8700
9000
9300
9600
9900
10200
10500
10800
11100
11400
11700
12000
12300
12600
12900
13200
13500
13800
14100
14400
14700
15000
15300
15600
15900
16200
16500
16800
17100
17400
17700
18000
18300
18600
18900
19200
19500
19800
20100
20400
20700
21000
21300
21600
21900
22200
22500
22800
23100
23400
23700
24000
24300
24600
24900
25200
25500
25800
26100
26400
26700
27000
27300
27600
27900
28200
28500
28800
29100
29400
29700
30000
30300
30600
30900
31200
31500
31800
32100
32400
32700
33000
33300
33600
33900
34200
34500
34800
35100
35400
35700
36000
36300
36600
36900
37200
37500
37800
38100
38400
38700
39000
39300
39600
39900
40200
40500
40800
41100
41400
41700
42000
42300
42600
42900
43200
43500
43800
44100
44400
44700
45000
45300
45600
45900
46200
46500
46800
47100
47400
47700
48000
48300
48600
48900
49200
49500
49800
50100
50400
50700
51000
51300
51600
51900
52200
52500
52800
53100
53400
53700
54000
54300
54600
54900
55200
55500
55800
56100
56400
56700
57000
57300
57600
57900
58200
58500
58800
59100
59400
59700
60000
60300
60600
60900
61200
61500
61800
62100
62400
62700
63000
63300
63600
63900
64200
64500
64800
65100
65400
65700
66000
66300
66600
66900
67200
67500
67800
68100
68400
68700
69000
69300
69600
69900
70200
70500
70800
71100
71400
71700
72000
72300
72600
72900
73200
73500
73800
74100
74400
74700
75000
75300
75600
75900
76200
76500
76800
77100
77400
77700
78000
78300
78600
78900
79200
79500
79800
80100
80400
80700
81000
81300
81600
81900
82200
82500
82800
83100
83400
83700
84000
84300
84600
84900
85200
85500
85800
86100
86400
86700
87000
87300
87600
87900
88200
88500
88800
89100
89400
89700
90000
90300
90600
90900
91200
91500
91800
92100
92400
92700
93000
93300
93600
93900
94200
94500
94800
95100
95400
95700
96000
96300
96600
96900
97200
97500
97800
98100
98400
98700
99000
99300
99600
99900
1.002e+05
1.005e+05
1.008e+05
1.011e+05
1.014e+05
1.017e+05
1.02e+05
1.023e+05
1.026e+05
1.029e+05
1.032e+05
1.035e+05
1.038e+05
1.041e+05
1.044e+05
1.047e+05
1.05e+05
1.053e+05
1.056e+05
1.059e+05
1.062e+05
1.065e+05
1.068e+05
1.071e+05
1.074e+05
1.077e+05
1.08e+05
1.083e+05
1.086e+05
1.089e+05
1.092e+05
1.095e+05
1.098e+05
1.101e+05
1.104e+05
1.107e+05
1.11e+05
1.113e+05
1.116e+05
1.119e+05
1.122e+05
1.125e+05
1.128e+05
1.131e+05
1.134e+05
1.137e+05
1.14e+05
1.143e+05
1.146e+05
1.149e+05
1.152e+05
1.155e+05
1.158e+05
1.161e+05
1.164e+05
1.167e+05
1.17e+05
1.173e+05
1.176e+05
1.179e+05
1.182e+05
1.185e+05
1.188e+05
1.191e+05
1.194e+05
1.197e+05
1.2e+05
1.203e+05
1.206e+05
1.209e+05
1.212e+05
1.215e+05
1.218e+05
1.221e+05
1.224e+05
1.227e+05
1.23e+05
1.233e+05
1.236e+05
1.239e+05
1.242e+05
1.245e+05
1.248e+05
1.251e+05
1.254e+05
1.257e+05
1.26e+05
1.263e+05
1.266e+05
1.269e+05
1.272e+05
1.275e+05
1.278e+05
1.281e+05
1.284e+05
1.287e+05
1.29e+05
1.293e+05
1.296e+05
1.299e+05
1.302e+05
1.305e+05
1.308e+05
1.311e+05
1.314e+05
1.317e+05
1.32e+05
1.323e+05
1.326e+05
1.329e+05
1.332e+05
1.335e+05
1.338e+05
1.341e+05
1.344e+05
1.347e+05
1.35e+05
1.353e+05
1.356e+05
1.359e+05
1.362e+05
1.365e+05
1.368e+05
1.371e+05
1.374e+05
1.377e+05
1.38e+05
1.383e+05
1.386e+05
1.389e+05
1.392e+05
1.395e+05
1.398e+05
1.401e+05
1.404e+05
1.407e+05
1.41e+05
1.413e+05
1.416e+05
1.419e+05
1.422e+05
1.425e+05
1.428e+05
1.431e+05
1.434e+05
1.437e+05
1.44e+05
1.443e+05
1.446e+05
1.449e+05
1.452e+05
1.455e+05
1.458e+05
1.461e+05
1.464e+05
1.467e+05
1.47e+05
1.473e+05
1.476e+05
1.479e+05
1.482e+05
1.485e+05
1.488e+05
1.491e+05
1.494e+05
1.497e+05
1.5e+05
1.503e+05
1.506e+05
1.509e+05
1.512e+05
1.515e+05
1.518e+05
1.521e+05
1.524e+05
1.527e+05
1.53e+05
1.533e+05
1.536e+05
1.539e+05
1.542e+05
1.545e+05
1.548e+05
1.551e+05
1.554e+05
1.557e+05
1.56e+05
1.563e+05
1.566e+05
1.569e+05
1.572e+05
1.575e+05
1.578e+05
1.581e+05
1.584e+05
1.587e+05
1.59e+05
1.593e+05
1.596e+05
1.599e+05
1.602e+05
1.605e+05
1.608e+05
1.611e+05
1.614e+05
1.617e+05
1.62e+05
1.623e+05
1.626e+05
1.629e+05
1.632e+05
1.635e+05
1.638e+05
1.641e+05
1.644e+05
1.647e+05
1.65e+05
1.653e+05
1.656e+05
1.659e+05
1.662e+05
1.665e+05
1.668e+05
1.671e+05
1.674e+05
1.677e+05
1.68e+05
1.683e+05
1.686e+05
1.689e+05
1.692e+05
1.695e+05
1.698e+05
1.701e+05
1.704e+05
1.707e+05
1.71e+05
1.713e+05
1.716e+05
1.719e+05
1.722e+05
1.725e+05
1.728e+05
1.731e+05
1.734e+05
1.737e+05
1.74e+05
1.743e+05
1.746e+05
1.749e+05
1.752e+05
1.755e+05
1.758e+05
1.761e+05
1.764e+05
1.767e+05
1.77e+05
1.773e+05
1.776e+05
1.779e+05
1.782e+05
1.785e+05
1.788e+05
1.791e+05
1.794e+05
1.797e+05
1.8e+05
1.803e+05
1.806e+05
1.809e+05
1.812e+05
1.815e+05
1.818e+05
1.821e+05
1.824e+05
1.827e+05
1.83e+05
1.833e+05
1.836e+05
1.839e+05
1.842e+05
1.845e+05
1.848e+05
1.851e+05
1.854e+05
1.857e+05
1.86e+05
1.863e+05
1.866e+05
1.869e+05
1.872e+05
1.875e+05
1.878e+05
1.881e+05
1.884e+05
1.887e+05
1.89e+05
1.893e+05
1.896e+05
1.899e+05
1.902e+05
1.905e+05
1.908e+05
1.911e+05
1.914e+05
1.917e+05
1.92e+05
1.923e+05
1.926e+05
1.929e+05
1.932e+05
1.935e+05
1.938e+05
1.941e+05
1.944e+05
1.947e+05
1.95e+05
1.953e+05
1.956e+05
1.959e+05
1.962e+05
1.965e+05
1.968e+05
1.971e+05
1.974e+05
1.977e+05
1.98e+05
1.983e+05
1.986e+05
1.989e+05
1.992e+05
1.995e+05
1.998e+05
2.001e+05
2.004e+05
2.007e+05
2.01e+05
2.013e+05
2.016e+05
2.019e+05
2.022e+05
2.025e+05
2.028e+05
2.031e+05
2.034e+05
2.037e+05
2.04e+05
2.043e+05
2.046e+05
2.049e+05
2.052e+05
2.055e+05
2.058e+05
2.061e+05
2.064e+05
2.067e+05
2.07e+05
2.073e+05
2.076e+05
2.079e+05
2.082e+05
2.085e+05
2.088e+05
2.091e+05
2.094e+05
2.097e+05
2.1e+05
2.103e+05
2.106e+05
2.109e+05
2.112e+05
2.115e+05
2.118e+05
2.121e+05
2.124e+05
2.127e+05
2.13e+05
2.133e+05
2.136e+05
2.139e+05
2.142e+05
2.145e+05
2.148e+05
2.151e+05
2.154e+05
2.157e+05
2.16e+05
2.163e+05
2.166e+05
2.169e+05
2.172e+05
2.175e+05
2.178e+05
2.181e+05
2.184e+05
2.187e+05
2.19e+05
2.193e+05
2.196e+05
2.199e+05
2.202e+05
2.205e+05
2.208e+05
2.211e+05
2.214e+05
2.217e+05
2.22e+05
2.223e+05
2.226e+05
2.229e+05
2.232e+05
2.235e+05
2.238e+05
2.241e+05
2.244e+05
2.247e+05
2.25e+05
2.253e+05
2.256e+05
2.259e+05
2.262e+05
2.265e+05
2.268e+05
2.271e+05
2.274e+05
2.277e+05
2.28e+05
2.283e+05
2.286e+05
2.289e+05
2.292e+05
2.295e+05
2.298e+05
2.301e+05
2.304e+05
2.307e+05
2.31e+05
2.313e+05
2.316e+05
2.319e+05
2.322e+05
2.325e+05
2.328e+05
2.331e+05
2.334e+05
2.337e+05
2.34e+05
2.343e+05
2.346e+05
2.349e+05
2.352e+05
2.355e+05
2.358e+05
2.361e+05
2.364e+05
2.367e+05
2.37e+05
2.373e+05
2.376e+05
2.379e+05
2.382e+05
2.385e+05
2.388e+05
2.391e+05
2.394e+05
2.397e+05
2.4e+05
2.403e+05
2.406e+05
2.409e+05
2.412e+05
2.415e+05
2.418e+05
2.421e+05
2.424e+05
2.427e+05
2.43e+05
2.433e+05
2.436e+05
2.439e+05
2.442e+05
2.445e+05
2.448e+05
2.451e+05
2.454e+05
2.457e+05
2.46e+05
2.463e+05
2.466e+05
2.469e+05
2.472e+05
2.475e+05
2.478e+05
2.481e+05
2.484e+05
2.487e+05
2.49e+05
2.493e+05
2.496e+05
2.499e+05
2.502e+05
2.505e+05
2.508e+05
2.511e+05
2.514e+05
2.517e+05
2.52e+05
2.523e+05
2.526e+05
2.529e+05
2.532e+05
2.535e+05
2.538e+05
2.541e+05
2.544e+05
2.547e+05
2.55e+05
2.553e+05
2.556e+05
2.559e+05
2.562e+05
2.565e+05
2.568e+05
2.571e+05
2.574e+05
2.577e+05
2.58e+05
2.583e+05
2.586e+05
2.589e+05
2.592e+05
2.595e+05
2.598e+05
2.601e+05
2.604e+05
2.607e+05
2.61e+05
2.613e+05
2.616e+05
2.619e+05
2.622e+05
2.625e+05
2.628e+05
2.631e+05
2.634e+05
2.637e+05
2.64e+05
2.643e+05
2.646e+05
2.649e+05
2.652e+05
2.655e+05
2.658e+05
2.661e+05
2.664e+05
2.667e+05
2.67e+05
2.673e+05
2.676e+05
2.679e+05
2.682e+05
2.685e+05
2.688e+05
2.691e+05
2.694e+05
2.697e+05
2.7e+05
2.703e+05
2.706e+05
2.709e+05
2.712e+05
2.715e+05
2.718e+05
2.721e+05
2.724e+05
2.727e+05
2.73e+05
2.733e+05
2.736e+05
2.739e+05
2.742e+05
2.745e+05
2.748e+05
2.751e+05
2.754e+05
2.757e+05
2.76e+05
2.763e+05
2.766e+05
2.769e+05
2.772e+05
2.775e+05
2.778e+05
2.781e+05
2.784e+05
2.787e+05
2.79e+05
2.793e+05
2.796e+05
2.799e+05
2.802e+05
2.805e+05
2.808e+05
2.811e+05
2.814e+05
2.817e+05
2.82e+05
2.823e+05
2.826e+05
2.829e+05
2.832e+05
2.835e+05
2.838e+05
2.841e+05
2.844e+05
2.847e+05
2.85e+05
2.853e+05
2.856e+05
2.859e+05
2.862e+05
2.865e+05
2.868e+05
2.871e+05
2.874e+05
2.877e+05
2.88e+05
2.883e+05
2.886e+05
2.889e+05
2.892e+05
2.895e+05
2.898e+05
2.901e+05
2.904e+05
2.907e+05
2.91e+05
2.913e+05
2.916e+05
2.919e+05
2.922e+05
2.925e+05
2.928e+05
2.931e+05
2.934e+05
2.937e+05
2.94e+05
2.943e+05
2.946e+05
2.949e+05
2.952e+05
2.955e+05
2.958e+05
2.961e+05
2.964e+05
2.967e+05
2.97e+05
2.973e+05
2.976e+05
2.979e+05
2.982e+05
2.985e+05
2.988e+05
2.991e+05
2.994e+05
2.997e+05
3e+05
3.003e+05
3.006e+05
3.009e+05
3.012e+05
3.015e+05
3.018e+05
3.021e+05
3.024e+05
3.027e+05
3.03e+05
3.033e+05
3.036e+05
3.039e+05
3.042e+05
3.045e+05
3.048e+05
3.051e+05
3.054e+05
3.057e+05
3.06e+05
3.063e+05
3.066e+05
3.069e+05
3.072e+05
3.075e+05
3.078e+05
3.081e+05
3.084e+05
3.087e+05
3.09e+05
3.093e+05
3.096e+05
3.099e+05
3.102e+05
3.105e+05
3.108e+05
3.111e+05
3.114e+05
3.117e+05
3.12e+05
3.123e+05
3.126e+05
3.129e+05
3.132e+05
3.135e+05
3.138e+05
3.141e+05
3.144e+05
3.147e+05
3.15e+05
3.153e+05
3.156e+05
3.159e+05
3.162e+05
3.165e+05
3.168e+05
3.171e+05
3.174e+05
3.177e+05
3.18e+05
3.183e+05
3.186e+05
3.189e+05
3.192e+05
3.195e+05
3.198e+05
3.201e+05
3.204e+05
3.207e+05
3.21e+05
3.213e+05
3.216e+05
3.219e+05
3.222e+05
3.225e+05
3.228e+05
3.231e+05
3.234e+05
3.237e+05
3.24e+05
3.243e+05
3.246e+05
3.249e+05
3.252e+05
3.255e+05
3.258e+05
3.261e+05
3.264e+05
3.267e+05
3.27e+05
3.273e+05
3.276e+05
3.279e+05
3.282e+05
3.285e+05
3.288e+05
3.291e+05
3.294e+05
3.297e+05
3.3e+05
3.303e+05
3.306e+05
3.309e+05
3.312e+05
3.315e+05
3.318e+05
3.321e+05
3.324e+05
3.327e+05
3.33e+05
3.333e+05
3.336e+05
3.339e+05
3.342e+05
3.345e+05
3.348e+05
3.351e+05
3.354e+05
3.357e+05
3.36e+05
3.363e+05
3.366e+05
3.369e+05
3.372e+05
3.375e+05
3.378e+05
3.381e+05
3.384e+05
3.387e+05
3.39e+05
3.393e+05
3.396e+05
3.399e+05
3.402e+05
3.405e+05
3.408e+05
3.411e+05
3.414e+05
3.417e+05
3.42e+05
3.423e+05
3.426e+05
3.429e+05
3.432e+05
3.435e+05
3.438e+05
3.441e+05
3.444e+05
3.447e+05
3.45e+05
3.453e+05
3.456e+05
3.459e+05
3.462e+05
3.465e+05
3.468e+05
3.471e+05
3.474e+05
3.477e+05
3.48e+05
3.483e+05
3.486e+05
3.489e+05
0
0
0
0
0
0
0
0
0
0
0
0
0
0
0
0
0
0
0
0
0
0
0
0
0
0
0
0
0
0
0
0
0
0
0
0
0
0
0
0
0
0
0
0
0
0
0
0
0
0
0
0
0
0
0
0
0
0
0
0
0
0
0
0
0
0
0
0
0
0
0
0
0
0
0
0
0
0
0
0
0
0
0
0
0
0
0
0
0
0
0
0
0
0
0
0
0
0
0
0
0
0
0
0
0
0
0
0
0
0
0
0
0
0
0
0
0
0
0
0
0
0
0
0
0
0
0
0
0
0
0
0
0
0
0
0
0
0
0
0
0
0
0
0
0
0
0
0
0
0
0
0
0
0
0
0
0
0
0
0
0
0
0
0
0
0
0
0
0
0
0
0
0
0
0
0
0
0
0
0
0
0
0
0
0
0
0
0
0
0
0
0
0
0
0
0
0
0
0
0
0
0
0
0
0
0
0
0
0
0
0
0
0
0
0
0
0
0
0
0
0
0
0
0
0
0
0
0
0
0
0
0
0
0
0
0
0
0
0
0
0
0
0
0
0
0
0
0
0
0
0
0
0
0
0
0
0
0
0
0
0
0
0
0
0
0
0
0
0
0
0
0
0
0
0
0
0
0
0
0
0
0
0
0
0
0
0
0
0
0
0
0
0
0
0
0
0
0
0
0
0
0
0
0
0
0
0
0
0
0
0
0
0
0
0
0
0
0
0
0
0
0
0
0
0
0
0
0
0
0
0
0
0
0
0
0
0
0
0
0
0
0
0
0
0
0
0
0
0
0
0
0
0
0
0
0
0
0
0
0
0
0
0
0
0
0
0
0
0
0
0
0
0
0
0
0
0
0
0
0
0
0
0
0
0
0
0
0
0
0
0
0
0
0
0
0
0
0
0
0
0
0
0
0
0
0
0
0
0
0
0
0
0
0
0
0
0
0
0
0
0
0
0
0
0
0
0
0
0
0
0
0
0
0
0
0
0
0
0
0
0
0
0
0
0
0
0
0
0
0
0
0
0
0
0
0
0
0
0
0
0
0
0
0
0
0
0
0
0
0
0
0
0
0
0
0
0
0
0
0
0
0
0
0
0
0
0
0
0
0
0
0
0
0
0
0
0
0
0
0
0
0
0
0
0
0
0
0
0
0
0
0
0
0
0
0
0
0
0
0
0
0
0
0
0
0
0
0
0
0
0
0
0
0
0
0
0
0
0
0
0
0
0
0
0
0
0
0
0
0
0
0
0
0
0
0
0
0
0
0
0
0
0
0
0
0
0
0
0
0
0
0
0
0
0
0
0
0
0
0
0
0
0
0
0
0
0
0
0
0
0
0
0
0
0
0
0
0
0
0
0
0
0
0
0
0
0
0
0
0
0
0
0
0
0
0
0
0
0
0
0
0
0
0
0
0
0
0
0
0
0
0
0
0
0
0
0
0
0
0
0
0
0
0
0
0
0
0
0
0
0
0
0
0
0
0
0
0
0
0
0
0
0
0
0
0
0
0
0
0
0
0
0
0
0
0
0
0
0
0
0
0
0
0
0
0
0
0
0
0
0
0
0
0
0
0
0
0
0
0
0
0
0
0
0
0
0
0
0
0
0
0
0
0
0
0
0
0
0
0
0
0
0
0
0
0
0
0
0
0
0
0
0
0
0
0
0
0
0
0
0
0
0
0
0
0
0
0
0
0
0
0
0
0
0
0
0
0
0
0
0
0
0
0
0
0
0
0
0
0
0
0
0
0
0
0
0
0
0
0
0
0
0
0
0
0
0
0
0
0
0
0
0
0
0
0
0
0
0
0
0
0
0
0
0
0
0
0
0
0
0
0
0
0
0
0
0
0
0
0
0
0
0
0
0
0
0
0
0
0
0
0
0
0
0
0
0
0
0
0
0
0
0
0
0
0
0
0
0
0
0
0
0
0
0
0
0
0
0
0
0
0
0
0
0
0
0
0
0
0
0
0
0
0
0
0
0
0
0
0
0
0
0
0
0
0
0
0
0
0
0
0
0
0
0
0
0
0
0
0
0
0
0
0
0
0
0
0
0
0
0
0
0
0
0
0
0
0
0
0
0
0
0
0
0
0
0
0
0
0
0
0
0
0
0
0
0
0
0
0
0
0
0
0
0
0
0
0
0
0
0
0
0
0
0
0
0
0
0
0
0
0
0
0
0
0
0
0
0
0
0
0
0
0
0
0
0
0
0
0
0
0
0
0
0
0
0
0
0
0
0
0
0
0
0
0
0
0
0
0
0
0
0
0
0
0
0
0
0
0
0
0
0
0
0
0
0
0
0
0
0
0
0
0
0
0
0
0
0
0
0
0
0
0
0
0
0
0
0
0
0
0
0
0
0
0
0
0
0
0
0
0
0
0
0
0
0
0
0
0
0
0
0
0
0
0
0
0
0
0
0
0
0
0
0
0
0
0
0
0
0
0
0
0
0
0
0
0
0
0
0
0
0
0
0
0
0
0
0
0
0
0
0
0
0
0
0
0
0
0
0
0
0
0
0
0
0
0
0
0
0
0
0
0
0
0
0
0
0
0
0
0
0
0
0
0
0
0
0
0
0
0
0
0
0
0
0
0
0
0
0
0
0
0
0
0
0
0
0
0
0
0
0
0
0
0
0
0
0
0
0
0
0
0
0
0
0
0
0
0
0
0
0
0
0
0
0
0
0
0
0
0
0
0
0
0
0
0
0
0
0
0
0
0
0
0
0
0
0
0
0
0
0
0
0
0
0
0
0
0
0
0
0
0
0
0
0
0
0
0
0
0
0
0
0
0
0
0
0
0
0
0
0
0
0
0
0
0
0
0
0
0
0
0
0
0
0
0
0
0
0
0
0
0
0
0
0
0
0
0
0
0
0
0
0
0
0
0
0
0
0
0
0
0
0
0
0
0
0
0
0
0
0
0
0
0
0
0
0
0
0
0
0
0
0
0
0
0
0
0
0
0
0
0
0
0
0
0
0
0
0
0
0
0
0
0
0
0
0
0
0
0
0
0
0
0
0
0
0
0
0
0
0
0
0
0
0
0
0
0
0
0
0
0
0
0
0
0
0
0
0
0
0
0
0
0
0
0
0
0
0
0
0
0
0
0
0
0
0
0
0
0
0
0
0
0
0
0
0
0
0
0
0
0
0
0
0
0
0
0
0
0
0
0
0
0
0
0
0
0
0
0
0
0
0
0
0
0
0
0
0
0
0
0
0
0
0
0
0
0
0
0
0
0
0
0
0
0
0
0
0
0
0
0
0
0
0
0
0
0
0
0
0
0
0
0
0
0
0
0
0
0
0
0
0
0
0
0
0
0
0
0
0
0
0
0
0
0
0
0
0
0
0
0
0
0
0
0
0
0
0
0
0
0
0
0
0
0
0
0
0
0
0
0
0
0
0
0
0
0
0
0
0
0
0
0
0
0
0
0
0
0
0
0
0
0
0
0
0
0
0
0
0
0
0
0
0
0
0
0
0
0
0
0
0
0
0
0
0
0
0
0
0
0
0
0
0
0
0
0
0
0
0
0
0
0
0
0
0
0
0
0
0
0
0
0
0
0
0
0
0
0
0
0
0
0
0
0
0
0
0
0
0
0
0
0
0
0
0
0
0
0
0
0
0
0
0
0
0
0
0
0
0
0
0
0
0
0
0
0
0
0
0
0
0
0
0
0
0
0
0
0
0
0
0
0
0
0
0
0
0
0
0
0
0
0
0
0
0
0
0
0
0
0
0
0
0
0
0
0
0
0
0
0
0
0
0
0
0
0
0
0
0
0
0
0
0
0
0
0
0
0
0
0
0
0
0
0
0
0
0
0
0
0
0
0
0
0
0
0
0
0
0
0
0
0
0
0
0
0
0
0
0
0
0
0
0
0
0
0
0
0
0
0
0
0
0
0
0
0
0
0
0
0
0
0
0
0
0
0
0
0
0
0
0
0
0
0
0
0
0
0
0
0
0
0
0
0
0
0
0
0
0
0
0
0
0
0
0
0
0
0
0
0
0
0
0
0
0
0
0
0
0
0
0
0
0
0
0
0
0
0
0
0
0
0
0
0
0
0
0
0
0
0
0
0
0
0
0
0
0
0
0
0
0
0
0
0
0
0
0
0
0
0
0
0
0
0
0
0
0
0
0
0
0
0
0
0
0
0
0
0
0
0
0
0
0
0
0
0
0
0
0
0
0
0
0
0
0
0
0
0
0
0
0
0
0
0
0
0
0
0
0
0
0
0
0
0
0
0
0
0
0
0
0
0
0
0
0
0
0
0
0
0
0
0
0
0
0
0
0
0
0
0
0
0
0
0
0
0
0
0
0
0
0
0
0
0
0
0
0
0
0
0
0
0
0
0
0
0
0
0
0
0
0
0
0
0
0
0
0
0
0
0
0
0
0
0
0
0
0
0
0
0
0
0
0
0
0
0
0
0
0
0
0
0
0
0
0
0
0
0
0
0
0
0
0
0
0
0
0
0
0
0
0
0
0
0
0
0
0
0
0
0
0
0
0
0
0
0
0
0
0
0
0
0
0
0
0
0
0
0
0
0
0
0
0
0
0
0
0
0
0
0
0
0
0
0
0
0
0
0
0
0
0
0
0
0
0
0
0
0
0
0
0
0
0
0
0
0
0
0
0
0
0
0
0
0
0
0
0
0
0
0
0
0
0
0
0
0
0
0
0
0
0
0
0
0
0
0
0
0
0
0
0
0
0
0
0
0
0
0
0
0
0
0
0
0
0
0
0
0
0
0
0
0
0
0
0
0
0
0
0
0
0
0
0
0
0
0
0
0
0
0
0
0
0
0
0
0
0
0
0
0
0
0
0
0
0
0
0
0
0
0
0
0
0
0
0
0
0
0
0
0
0
0
0
0
0
0
0
0
0
0
0
0
0
0
0
0
0
0
0
0
0
0
0
0
0
0
0
0
0
0
0
0
0
0
0
0
0
0
0
0
0
0
0
0
0
0
0
0
0
0
0
0
0
0
0
0
0
0
0
0
0
0
0
0
0
0
0
0
0
0
0
0
0
0
0
0
0
0
0
0
0
0
0
0
0
0
0
0
0
0
0
0
0
0
0
0
0
0
0
0
0
0
0
0
0
0
0
0
0
0
0
0
0
0
0
0
0
0
0
0
0
0
0
0
0
0
0
0
0
0
0
0
0
0
0
0
0
0
0
0
0
0
0
0
0
0
0
0
0
0
0
0
0
0
0
0
0
0
0
0
0
0
0
0
0
0
0
0
0
0
0
0
0
0
